408 563 729 999 530 900 631 998 27 352 901 418 791 592 964 403 607 780 235 776 698 488 511 606 668
554 820 352 980 436 449 701 621 506 612 71 28 714 380 958 147 25 459 976 917 13 24 248 638 374 736 963 857 665 69 488 684 815
441 780 800 90 88 902 239 731 848 844 290 53 727 532 142 484 513 413 621 819 167 86 427 736 709 105 935
809 796 161 415 939 108 547 217 823 641 526 353 366 589 367 555 596 491 483 136 968 315 643 932 981 511
808 358 21 683 888 804 207 357 243 692 361 235 452 536 381 506 101 922 991 687 622 17 943 576 91 578 995 720 738 326 352
511 843 128 390 564 869 142 788 430 258 42 398 470 825 230 180 876
372 537 674 209 96 637 579 603 141 833 198 62 580 503 664 331 680 298 278 694 532 321 480 765 488 212
730 243 132 532 127 950 331 433 210 699 428 284 444 562 296 152 987 883
239 513 502 724 294 76 85 563 922 87 83 993 590 90 778 478 223 305
255 384 494 285 185 900 613 592 167 22 235 60 61 706 948 25
962 658 312 139 940 202 235 667 967 613 259 775 656 928 983 817 261 486 802 310 590 525 765 661 209 428 576 682 499 954 712
922 63 832 303 359 478 702 864 688 718 180 484 437 422 68 105 369 379 443 101 126 447 389 424 74 240 574 397 822 642 516 267 812 759
633 920 44 152 253 600 768 398 120 703 728 463 736 472 294 684 39 322 964 847 737 491 239 727 288 647 916 419 781 577 445 995 739 883 850
845 374 636 338 233 373 186 50 987 669 916 522 86 738 595 469 526 962 813 115 596 412 746 170 331 334 209 693 244 1000
273 376 637 122 668 275 188 150 657 53 37 389 882 997 580 952 169 343 869 618 763 374 699 518 696 330 502 544 577 601 562 352
261 307 299 619 224 486 542 876 475 955 613 366 443 13 564 248 235 887 140 244 653 30 180 70 267
881 73 263 997 142 90 602 201 22 30 709 445 733 876 171 864 871 866 66 699 172 682 665 377 504 202 230 712
276 927 239 606 87 256 683 411 553 108 983 404 569 946 774 904 431 367 809 796 424 420 9 69 351 562 667 197
119 89 184 617 809 873 903 176 438 108 939 502 419 562 797 989 362 511 318
169 390 298 773 563 936 716 911 657 903 402 746 14 771 340 882 123 396 776 723 329 930 444 822 747 326
282 682 539 487 719 100 523 71 651 349 88 595 253 723 36 764 975 263 89 327 121 618 375 775 619 840 601 825 125 156 92
629 659 892 442 607 713 340 172 419 348 665 233 823 747 819 597
618 403 193 517 847 476 51 143 555 665 294 536 61 865 511 162 905 443 25 168 431 13 627 17 577 984 499 819 738
244 50 394 28 972 357 431 486 460 44 14 806 622 184 303
219 441 906 894 891 759 999 429 93 498 934 816 38 51 286 714 638 290 185 416 834 428 424 604 135 397 232 276 229
556 88 815 442 835 690 427 334 576 43 984 504 930 932 799 216 738 591
686 269 731 286 22 239 253 153 455 558 21 1000 318
977 438 573 791 633 763 153 217 485 420 723 262 935 571 223 812
566 217 398 971 290 717 594 605 20 531 769 959 810 263 813 780 777 169 36 654 555 903 951 293 354 239 541 647 185 17 63 693 823 283 799 227 280 204
815 94 934 839 194 617 947 679 58 107 654 193 979 108 489 490 971 949 425 892 357 888 163 532 911 392 66 185 481 445 504 317 417
894 114 389 280 867 729 678 830 346 37 418 694 283 13 270 672 43 891 682 201 322 448 454 75 998 108 245 110 455 823 741 387 212 317 408 267 759
323 10 422 954 569 789 890 280 286 52 327 966 855 313 497 115 919 142 354 476 672 576 225 205 133 684 536 62
521 899 437 163 663 282 476 674 334 685 95 914 671 744 50 385 299 966 403 515 416 723 234 601 826 270 468 296 353 531
379 295 581 940 840 929 759 14 651 520 332 506 836 980 127 370 438 288 709 240 18 935
415 219 611 138 467 642 789 253 710 425 951 902 327 501 207 241 176 210 958 479 736 811 134 184 559 336 220 445 616 819 712 668
559 379 756 16 773 630 453 460 510 627 727 98 818 781 339 440 536 408 180 280 94 718
994 207 154 356 272 227 938 962 298 604 427 553 600 579 986 630 716 443 596 4 757 663 616 387 378 197
902 152 270 473 68 708 818 64 700 66 810 369 265 900 756 300 169 657 903 176 834 729 42 283 800 571
606 336 612 292 954 131 92 948 772 968 442 633 367 86 418 93 621 206 796 619 943 781 61 604 986 969 825 653 824 466 204
323 29 558 15 196 365 675 612 877 418 14 17 262 240 616 276 62
982 668 30 649 279 629 901 409 731 278 171 618 914 430 866 817 795 647 656 942 920 565 536 33 673
976 648 980 649 136 636 943 38 798 854 994 556 439 879 281 442 660 964 555 412 418 513 88 261 616 362 478 954 70 204 730
173 764 585 494 29 837 830 949 774 539 945 825 630 836 386 922 827 619 136 419 781 761 574 18 989 673
456 973 832 738 236 787 41 190 491 823 556 686 660 966 497 788 331 652 518 123 943 663 420 20 732 573 794 692 280 417
567 354 240 833 74 431 393 378 515 708 918 36 874 809 253 482 348 593 684 824 466 531 318
503 914 991 314 150 838 474 215 167 835 864 657 22 476 757 502 811 151 559 348 930 862
250 415 645 327 78 57 256 504 873 853 35 936 273 207 946 349 340 74 794 572 758 981 669 597 748
552 920 160 419 915 757 799 34 425 579 145 864 621 438 334 688 150 656 133 42 794 710 718
851 569 15 528 543 16 354 419 303 791 263 8 343 714 126 370 510 796 699 489 73 826 377 329 468 67 197 632
529 837 313 792 253 91 200 518 459 386 946 418 185 958 732 62 358
742 498 554 332 913 842 892 907 790 266 976 633 390 409 532 76 676 491 4 803 827 672 811 90 424 276
782 381 135 475 120 292 78 346 998 752 643 668 347 927 323 36 454 370 65 235 811 666 329 741 684 626 358
645 128 165 946 335 303 357 629 992 858 469 705 853 863 936 222 690 806 997 210 259 389 348 421 60 20 450 626 989 417 229
446 846 440 145 366 138 736 740 463 836 847 127 4 746 75 894 661 776 140 74 984 924 351 187 353 956 758 883 673
501 765 578 325 701 173 216 356 630 745 961 118 520 676 460 116 375 627 123 548 489 740 105 666 303 729 719 69 397 760
18 794 966 564 802 737 951 174 479 344 450 296 387 378 653 227 718
242 47 36 388 322 312 954 410 265 578 443 654 48 584 800 245 278 43 586 86 76 321 963 601 262 445 986 353 979 156
666 644 453 24 621 776 555 791 609 411 554 145 966 880 548 667 374 229 571 238 888 607 399 486 392 771 349 513 217 943 982 663 336 881 234 339 924 650 283 192
39 756 554 764 48 473 4 643 873 835 461 813 980 486 493 310 491 108 740 150 982 189 88 289 695 444 537 70 632
722 572 827 397 903 566 415 404 52 791 163 777 676 153 916 544 428 698 942 450
428 9 386 707 837 506 132 965 223 443 514 128 163 605 647 419 110 734 21 409 167 803 713 427 174 757 16 881 826 528 642 362 30 216 862
324 240 981 907 563 544 946 628 866 509 925 261 878 590 164 476 21 322 293 617 694 300 782 847 980 508 763 412 65 939 489 160 979 215 550
686 348 566 195 642 532 973 347 964 855 403 497 780 366 13 603 958
797 115 213 107 77 272 707 858 52 773 955 655 911 87 433 997 340 696 396 336 61 74 719 270 233 202 395 49 305
176 46 787 132 403 348 430 391 453 121 638 939 258 761 778 398 565 516 280 591
100 190 247 985 130 857 58 208 400 961 737 573 563 918 871 910 289 284 706 683 883 5
137 607 810 121 59 714 54 478 898 351 792 133 596 856 91 261 105 320 345 869 882 225 719 968 741 932 710 249 935 148 954
370 240 46 729 368 878 100 973 280 520 448 873 955 802 86 87 97 354 433 108 688 666 9 693 220 373 160 822 470 369 408 94 850
543 746 605 853 222 586 142 715 621 713 541 389 573 270 397 49 537 567
52 946 32 723 51 588 578 850 614 610 193 203 33 874 873 142 478 289 851 89 345 169 654 320 590 134 189 18 797 884 27 550 25 5
971 807 767 729 18 36 14 277 666 92 459 660 501 817 427 73 43 573 593 49 667 669 668
536 509 341 186 717 265 959 451 134 75 51 183 311 452 52 727 951 553 783 613 633 412 122 239 992 476 795 894 525 548 205 125 232 47
453 610 613 273 278 44 354 998 83 687 330 916 887 881 723 920 284 373 741 187 572 192 683 720
998 306 191 158 835 431 573 448 515 391 317 438 460 399 603 244 243 720 339 260 589 8 855 810 331 559 303 110 205 444 995 395 981 156 25
353 708 364 666 931 892 128 686 888 788 992 525 259 947 225 739 250 948 33
155 875 563 508 493 914 788 374 482 416 848 48 956 692 511 567
953 707 67 574 53 513 579 386 286 803 430 916 80 60 857 88 264 240 152
1000 528 761 45 825 876 719 558 791 492 417 739 211 415 600 782 708 647 693 245 729 440 626 710 369
296 622 958 897 813 221 474 343 756 299 313 612 97 22 776 21 815
410 717 788 357 390 508 207 24 370 430 806 290 479 120 692 156 597 250 815 318 759
749 383 222 207 695 332 863 263 660 163 874 755 87 775 884 932 369 326 591 92
749 151 270 731 327 501 847 911 755 122 75 806 727 174 559 848 9 43 969 378 369 692 819 824 815 760 730
898 220 108 415 722 760 345 612 286 603 334 290 656 189 558 920 48 400 987 27 591
43 459 402 124 844 810 116 321 485 502 91 215 720 748
621 253 266 675 876 174 136 694 493 919 676 97 44 715 349 105 120 799 710 395 739 812 92
892 76 65 335 540 38 189 833 309 67 721 72 423 62 849 300 780 877 746 481 330 60 720 47 876 748 92
452 868 492 861 15 644 459 955 8 167 946 209 344 73 258 528 956 969 653 537 400
624 742 776 784 627 636 128 555 919 321 447 438 818 148 250 948 812
710 890 328 816 405 309 700 567 550 73 546 37 863 904 273 755 101 991 596 982 924 499 315 30
917 538 788 328 612 488 112 877 339 415 619 300 963 977 269 455 786 238 976 630 343 777 844 871 290 98 696 421 233 650 353 249 148 229
645 894 778 285 150 343 413 635 99 521 602 218 824 798 320 622 63 134 105 91 289 930 450 650 148 478 673
706 597 810 751 162 191 292 515 907 916 424 877 103 562 871 35 273 483 479 150 120 695 536 606 47 876
936 502 76 396 677 532 971 516 236 30 730 228 522 60 722 567 579 605 332 501 453 810 714 688 20 262 270 67 212 49 408 232 5
838 968 544 803 410 357 863 655 241 951 170 627 947 245 264 160 48 362 667 276
782 224 901 864 932 717 664 311 170 317 965 2 57 693 835 497 115 93 510 652 518 504 528 202 125 669 5 95
142 467 138 337 719 317 430 50 965 308 433 176 998 626 597 73 701 655 891 740 592 461 399 171 476 206 234 578 135 920 233 823 202 954 70 95
676 978 759 777 825 376 111 213 804 141 130 7 55 413 683 381 678 345 564 101 142 638 330 887 840 225 665 910 799 626 227 632
920 615 723 284 178 537 703 789 583 983 420 706 944 623 605 589 694 592 299 403 782 607 950 877 993 688 16 120 593 956 739 632 760
46 370 315 445 448 605 888 904 508 877 93 510 736 834 984 261 643 125
330 924 737 632 151 462 142 779 471 903 683 936 515 278 176 998 288 480 396 80 848 698 88 315 800 537 948 748
